2 51 2
2 37 2
2 111 2
2 30 2
2 68 2
2 46 2
2 35 2
2 28 2
2 136 2
2 73 2
2 26 2
2 72 2
2 64 2
2 24 2
2 34 2
2 77 2
2 54 2
2 79 2
2 70 2
2 54 2
2 10 2
2 93 2
2 60 2
2 29 2
2 74 2
2 76 2
2 123 2
2 44 2
2 40 2
2 71 2
2 136 2
2 136 2
2 89 2
2 43 2
2 76 2
2 40 2
2 50 2
2 68 2
2 80 2
2 74 2
2 74 2
2 73 2
2 87 2
2 57 2
2 59 2
2 68 2
2 57 2
2 65 2
2 60 2
2 75 2
2 53 2
2 78 2
2 30 2
2 24 2
2 45 2
2 54 2
2 73 2
2 64 2
2 26 2
2 59 2
2 24 2
2 63 2
2 65 2
2 62 2
2 98 2
2 54 2
2 109 2
2 77 2
2 95 2
2 81 2
2 80 2
2 57 2
2 89 2
2 57 2
2 44 2
2 82 2
2 45 2
2 136 2
2 28 2
2 13 2
2 62 2
2 58 2
2 27 2
2 30 2
2 54 2
2 65 2
2 62 2
2 58 2
2 81 2
2 62 2
2 69 2
2 88 2
2 46 2
2 35 2
2 136 2
2 41 2
2 108 2
2 55 2
2 76 2
2 42 2
