2 60 2
2 47 2
2 49 2
2 32 2
2 92 2
2 49 2
2 69 2
2 82 2
2 92 2
2 85 2
2 61 2
2 68 2
2 97 2
2 105 2
2 66 2
2 53 2
2 87 2
2 72 2
2 32 2
2 74 2
2 14 2
2 36 2
2 96 2
2 47 2
2 58 2
2 63 2
2 77 2
2 102 2
2 25 2
2 45 2
2 56 2
2 48 2
2 59 2
2 43 2
2 52 2
2 90 2
2 47 2
2 78 2
2 116 2
2 21 2
2 46 2
2 30 2
2 47 2
2 25 2
2 47 2
2 74 2
2 111 2
2 76 2
2 49 2
2 87 2
2 90 2
2 75 2
2 113 2
2 60 2
2 97 2
2 56 2
2 49 2
2 85 2
2 53 2
2 37 2
2 34 2
2 66 2
2 51 2
2 59 2
2 31 2
2 72 2
2 80 2
2 47 2
2 82 2
2 71 2
2 72 2
2 55 2
2 42 2
2 71 2
2 62 2
2 25 2
2 73 2
2 18 2
2 57 2
2 47 2
2 47 2
2 51 2
2 70 2
2 54 2
2 10 2
2 92 2
2 60 2
2 29 2
2 74 2
2 29 2
2 62 2
2 38 2
2 42 2
2 58 2
2 93 2
2 42 2
2 49 2
2 70 2
2 40 2
2 31 2
