2 79 2
2 90 2
2 78 2
2 110 2
2 85 2
2 85 2
2 86 2
2 84 2
2 80 2
2 108 2
2 83 2
2 80 2
2 85 2
2 68 2
2 93 2
2 59 2
2 118 2
2 84 2
2 96 2
2 71 2
2 98 2
2 118 2
2 63 2
2 101 2
2 114 2
2 86 2
2 98 2
2 107 2
2 99 2
2 82 2
2 68 2
2 85 2
2 78 2
2 114 2
2 66 2
2 83 2
2 96 2
2 85 2
2 82 2
2 72 2
2 96 2
2 93 2
2 91 2
2 76 2
2 67 2
2 84 2
2 84 2
2 73 2
2 85 2
2 56 2
2 99 2
2 108 2
2 91 2
2 100 2
2 83 2
2 79 2
2 115 2
2 133 2
2 90 2
2 96 2
2 91 2
2 81 2
2 86 2
2 111 2
2 112 2
2 82 2
2 84 2
2 87 2
2 86 2
2 100 2
2 81 2
2 97 2
2 86 2
2 102 2
2 93 2
2 92 2
2 82 2
2 90 2
2 62 2
2 88 2
2 85 2
2 71 2
2 97 2
2 74 2
2 85 2
2 102 2
2 94 2
2 132 2
2 86 2
2 81 2
2 80 2
2 121 2
2 70 2
2 60 2
2 99 2
2 86 2
2 87 2
2 113 2
2 114 2
2 103 2
