1428855 ALUNO10031 4 16 9 29
1824932 ALUNO10032 3 24 11 38
1159805 ALUNO10033 10 28 5 43
1085148 ALUNO10034 0 30 19 49
1381251 ALUNO10035 0 27 18 45
1546784 ALUNO10036 20 8 3 31
1309821 ALUNO10037 4 7 17 28
1327904 ALUNO10038 29 24 14 67
2251934 ALUNO10039 5 27 25 57
1739573 ALUNO10040 18 1 20 39
1282708 ALUNO10041 29 10 8 47
1274530 ALUNO10042 7 32 12 51
1856192 ALUNO10043 24 8 32 64
1563840 ALUNO10044 17 7 31 55
1096521 ALUNO10045 12 13 31 56
1145087 ALUNO10046 2 10 33 45
1016636 ALUNO10047 2 11 9 22
1145183 ALUNO10048 10 24 3 37
1652464 ALUNO10079 17 30 5 52
1323937 ALUNO10080 11 21 31 63
1245411 ALUNO10081 18 30 25 73
1741174 ALUNO10082 27 25 25 77
1016946 ALUNO10083 11 8 27 46
1315397 ALUNO10084 4 28 24 56
1421889 ALUNO10085 26 14 24 64
1954984 ALUNO10086 12 31 30 73
1963472 ALUNO10087 26 28 22 76
1428347 ALUNO10088 15 22 32 69
1395995 ALUNO10089 20 18 2 40
1134122 ALUNO10090 11 14 7 32
2694221 ALUNO8285 18 13 21 52
2836695 ALUNO8286 18 4 29 51
1906649 ALUNO8287 13 18 9 40
1268481 ALUNO8288 14 32 14 60
1435209 ALUNO8289 32 4 32 68
1645064 ALUNO8290 26 23 29 78
1323536 ALUNO8291 22 12 5 39
1642046 ALUNO8292 19 29 29 77
1947201 ALUNO8293 7 27 21 55
1874285 ALUNO8294 31 7 10 48
1739655 ALUNO8295 25 8 30 63
1344235 ALUNO8296 5 6 15 26
1596673 ALUNO8297 8 24 8 40
1397543 ALUNO8298 14 12 31 57
1885077 ALUNO8299 22 27 21 70
1414017 ALUNO8300 21 29 19 69
1566635 ALUNO8301 21 26 22 69
1953420 ALUNO2879 21 14 24 59
1700825 ALUNO2880 28 1 20 49
1130725 ALUNO2881 31 20 15 66
1884683 ALUNO2882 29 14 16 59
1915191 ALUNO2883 12 10 18 40
1096340 ALUNO2884 16 9 2 27
1070322 ALUNO2885 30 32 21 83
1775187 ALUNO2886 19 29 8 56
1934376 ALUNO2887 10 2 21 33
1414540 ALUNO2888 3 32 11 46
1636526 ALUNO2889 17 22 17 56
1246512 ALUNO2890 3 14 16 33
1111397 ALUNO2891 24 21 1 46
1251895 ALUNO2892 30 17 1 48
1973060 ALUNO2778 20 22 18 60
1627192 ALUNO2779 17 30 18 65
1201281 ALUNO2780 31 5 22 58
1214143 ALUNO2781 12 18 18 48
1785814 ALUNO2782 3 5 28 36
1698606 ALUNO2783 3 31 27 61
1955124 ALUNO2784 23 20 8 51
1445431 ALUNO2785 4 13 25 42
1886669 ALUNO2786 0 10 1 11
1382592 ALUNO2787 5 10 33 48
1804334 ALUNO2788 13 17 5 35
1703689 ALUNO2789 1 30 10 41
1847378 ALUNO2790 3 15 33 51
1402851 ALUNO2791 13 14 14 41
1443744 ALUNO1128 10 30 0 40
1509191 ALUNO1129 2 26 15 43
2359938 ALUNO1130 19 18 3 40
1339608 ALUNO1131 1 10 20 31
1000548 ALUNO1132 30 31 0 61
1881758 ALUNO1133 28 8 13 49
1095041 ALUNO1134 12 24 33 69
1743871 ALUNO1135 31 21 29 81
1807393 ALUNO1136 16 6 10 32
1606752 ALUNO1137 30 12 26 68
1977466 ALUNO1138 28 20 30 78
1719073 ALUNO1139 30 0 14 44
1866544 ALUNO1140 29 7 21 57
1609338 ALUNO1141 15 5 25 45
1398209 ALUNO1142 27 18 2 47
1481699 ALUNO1143 6 18 19 43
1230147 ALUNO9981 23 3 21 47
1887617 ALUNO9982 18 16 20 54
1014738 ALUNO9983 15 3 28 46
2220814 ALUNO9984 4 18 15 37
1127305 ALUNO9985 8 15 1 24
1894138 ALUNO9986 0 10 32 42
1137520 ALUNO9987 30 3 26 59
1039396 ALUNO9988 14 23 27 64
1654196 ALUNO9989 24 15 15 54
