1298788 ALUNO10000 25 26 30 81
1224278 ALUNO10001 13 16 4 33
1849623 ALUNO10002 21 22 24 67
1928729 ALUNO10003 0 5 29 34
1654258 ALUNO10004 24 5 3 32
1884058 ALUNO10005 22 23 13 58
1805912 ALUNO10006 25 25 19 69
1138888 ALUNO10007 19 16 19 54
1126202 ALUNO10008 7 7 26 40
1619963 ALUNO10009 0 27 1 28
1310397 ALUNO10010 26 5 22 53
1405910 ALUNO10011 21 19 1 41
1138620 ALUNO10012 8 8 9 25
1088538 ALUNO10013 27 12 15 54
1067867 ALUNO10014 18 11 12 41
1527924 ALUNO10015 16 13 8 37
1676516 ALUNO10016 28 25 30 83
1312493 ALUNO10017 19 17 13 49
1973274 ALUNO10018 22 29 28 79
1255265 ALUNO10019 13 25 32 70
1364247 ALUNO10020 1 15 20 36
1475421 ALUNO10021 25 2 11 38
1054149 ALUNO10022 13 12 3 28
1600824 ALUNO10023 24 13 30 67
1671972 ALUNO10024 5 22 32 59
1140347 ALUNO10025 4 19 13 36
1455990 ALUNO10026 15 5 32 52
1699795 ALUNO10027 30 2 29 61
1366100 ALUNO10028 15 26 20 61
1381968 ALUNO10029 29 29 5 63
1575635 ALUNO10030 8 24 30 62
1428855 ALUNO10031 4 16 9 29
1824932 ALUNO10032 3 24 11 38
1159805 ALUNO10033 10 28 5 43
1085148 ALUNO10034 0 30 19 49
1381251 ALUNO10035 0 27 18 45
1546784 ALUNO10036 20 8 3 31
1309821 ALUNO10037 4 7 17 28
1327904 ALUNO10038 29 24 14 67
1251934 ALUNO10039 5 27 25 57
1739573 ALUNO10040 18 1 20 39
1282708 ALUNO10041 29 10 8 47
1274530 ALUNO10042 7 32 12 51
1856192 ALUNO10043 24 8 32 64
1563840 ALUNO10044 17 7 31 55
1096521 ALUNO10045 12 13 31 56
1145087 ALUNO10046 2 10 33 45
1016636 ALUNO10047 2 11 9 22
1145183 ALUNO10048 10 24 3 37
1767912 ALUNO10049 32 28 31 91
1594762 ALUNO10050 27 16 29 72
1146574 ALUNO10051 25 29 6 60
1224196 ALUNO10052 3 18 22 43
1464037 ALUNO10053 31 26 27 84
1327763 ALUNO10054 1 27 4 32
1128631 ALUNO10055 5 17 5 27
1159603 ALUNO10056 6 32 32 70
1992382 ALUNO10057 27 13 13 53
1609535 ALUNO10058 29 19 20 68
1900373 ALUNO10059 15 31 29 75
1208522 ALUNO10060 17 20 13 50
1040977 ALUNO10061 13 21 20 54
1312993 ALUNO10062 15 17 0 32
1931399 ALUNO10063 32 1 2 35
1635368 ALUNO10064 0 17 26 43
1045426 ALUNO10065 28 18 32 78
1303843 ALUNO10066 4 17 14 35
1308558 ALUNO10067 14 2 16 32
1026322 ALUNO10068 22 2 8 32
1160738 ALUNO10069 23 21 31 75
1406338 ALUNO10070 6 25 9 40
1544702 ALUNO10071 25 19 8 52
1662415 ALUNO10072 1 15 31 47
1599270 ALUNO10073 31 29 1 61
1955596 ALUNO10074 14 29 25 68
1233245 ALUNO10075 32 19 12 63
1373720 ALUNO10076 21 29 30 80
1540327 ALUNO10077 16 30 32 78
1010213 ALUNO10078 21 31 9 61
1652464 ALUNO10079 17 30 5 52
1323937 ALUNO10080 11 21 31 63
1245411 ALUNO10081 18 30 25 73
1741174 ALUNO10082 27 25 25 77
1016946 ALUNO10083 11 8 27 46
1315397 ALUNO10084 4 28 24 56
1421889 ALUNO10085 26 14 24 64
1954984 ALUNO10086 12 31 30 73
1963472 ALUNO10087 26 28 22 76
1428347 ALUNO10088 15 22 32 69
1395995 ALUNO10089 20 18 2 40
1134122 ALUNO10090 11 14 7 32
1717152 ALUNO10091 22 11 25 58
1488206 ALUNO10092 7 20 2 29
1531004 ALUNO10093 2 15 1 18
1457345 ALUNO10094 11 0 11 22
1665697 ALUNO10095 28 17 25 70
1509884 ALUNO10096 5 19 18 42
1635670 ALUNO10097 5 32 23 60
1629676 ALUNO10098 11 3 18 32
1598339 ALUNO10099 12 17 17 46
