1831423 ALUNO9847 19 16 14 49
1775463 ALUNO9848 28 20 13 61
1524672 ALUNO9849 0 28 33 61
1081200 ALUNO9850 29 15 7 51
1196411 ALUNO9851 23 11 33 67
1813452 ALUNO9852 29 5 24 58
1636625 ALUNO9853 9 16 1 26
1702896 ALUNO9854 20 29 26 75
1672043 ALUNO9855 13 22 4 39
1947739 ALUNO9856 7 18 20 45
1810540 ALUNO9971 21 10 19 50
1442614 ALUNO9972 26 32 29 87
1423856 ALUNO9973 13 12 6 31
1970727 ALUNO9974 5 17 23 45
1375064 ALUNO9975 16 1 6 23
1073156 ALUNO9976 27 1 0 28
1969212 ALUNO9977 11 24 7 42
1967053 ALUNO9978 17 18 3 38
1257560 ALUNO9979 26 22 9 57
1590323 ALUNO9980 19 13 2 34
1260903 ALUNO9610 25 25 14 64
1108648 ALUNO9611 28 18 5 51
1393680 ALUNO9612 17 32 17 66
1635346 ALUNO9613 29 3 4 36
1823263 ALUNO9614 14 23 22 59
1363402 ALUNO9615 22 7 21 50
1454143 ALUNO9616 29 1 12 42
1710391 ALUNO9617 15 24 31 70
1289462 ALUNO9618 14 27 12 53
1044118 ALUNO9619 12 29 31 72
1589906 ALUNO9489 21 13 3 37
1264226 ALUNO9490 13 8 33 54
1057442 ALUNO9491 28 17 3 48
1378489 ALUNO9492 17 28 26 71
1447814 ALUNO9493 3 4 13 20
1415975 ALUNO9494 24 14 22 60
1127903 ALUNO9495 6 9 18 33
1899705 ALUNO9496 31 8 26 65
1963258 ALUNO9498 8 25 0 33
1766074 ALUNO1803 3 10 5 18
1841592 ALUNO1804 12 10 3 25
1266817 ALUNO1805 27 11 25 63
1887785 ALUNO1806 1 25 33 59
1597913 ALUNO1807 25 8 16 49
1546848 ALUNO1808 26 2 5 33
1720484 ALUNO1809 13 12 23 48
1198450 ALUNO1810 23 18 1 42
1387210 ALUNO1811 27 18 11 56
1578185 ALUNO1812 26 19 28 73
1726952 ALUNO2093 19 12 7 38
1892378 ALUNO2094 26 19 14 59
1994549 ALUNO2095 9 5 13 27
1160105 ALUNO2096 25 5 9 39
1087709 ALUNO2097 8 20 19 47
1704324 ALUNO2098 14 13 22 49
1142837 ALUNO2099 6 2 21 29
1699864 ALUNO2100 14 2 10 26
1736762 ALUNO2101 12 11 11 34
1626004 ALUNO2102 30 11 20 61
1071722 ALUNO5227 27 28 8 63
1089025 ALUNO5228 8 24 25 57
1966425 ALUNO5229 12 25 18 55
1350745 ALUNO5230 31 0 5 36
1138097 ALUNO5231 2 25 30 57
1303797 ALUNO5232 21 12 28 61
1216987 ALUNO5233 14 15 4 33
1975137 ALUNO5234 5 3 28 36
1835326 ALUNO5235 31 23 7 61
1868894 ALUNO5236 14 32 31 77
1138888 ALUNO10007 19 16 19 54
1126202 ALUNO10008 7 7 26 40
1619963 ALUNO10009 0 27 1 28
1310397 ALUNO10010 26 5 22 53
1405910 ALUNO10011 21 19 1 41
1138620 ALUNO10012 8 8 9 25
1088538 ALUNO10013 27 12 15 54
1067867 ALUNO10014 18 11 12 41
1527924 ALUNO10015 16 13 8 37
1676516 ALUNO10016 28 25 30 83
1373720 ALUNO10076 21 29 30 80
1540327 ALUNO10077 16 30 32 78
1010213 ALUNO10078 21 31 9 61
1652464 ALUNO10079 17 30 5 52
1323937 ALUNO10080 11 21 31 63
1245411 ALUNO10081 18 30 25 73
1741174 ALUNO10082 27 25 25 77
1016946 ALUNO10083 11 8 27 46
1315397 ALUNO10084 4 28 24 56
1421889 ALUNO10085 26 14 24 64
1328060 ALUNO3850 10 28 3 41
1111695 ALUNO3851 19 13 3 35
1598392 ALUNO3852 29 27 11 67
1539355 ALUNO3853 9 21 23 53
1655572 ALUNO3854 9 20 10 39
1423720 ALUNO3855 8 16 8 32
1665795 ALUNO3856 29 8 21 58
1491543 ALUNO3857 18 7 30 55
1636914 ALUNO0 28 10 9 47
1760491 ALUNO1 23 4 20 47
1490026 ALUNO2 3 1 22 26
