6 31 6
6 30 6
6 24 5
6 29 6
6 30 6
6 28 6
6 29 6
6 29 6
6 40 6
6 32 6
6 25 6
6 28 6
6 32 6
6 26 6
6 31 6
6 24 5
6 24 6
6 29 6
6 35 6
6 28 6
6 27 6
6 35 6
6 27 6
6 34 6
6 31 6
6 32 6
6 33 6
6 28 5
6 28 6
6 26 6
6 40 6
6 40 6
6 32 6
6 28 6
6 28 6
6 29 6
6 28 6
6 30 6
6 33 6
6 31 6
6 33 6
6 33 6
6 28 6
6 25 5
6 28 5
6 32 6
6 26 6
6 31 6
6 18 3
6 30 6
6 23 4
6 32 6
6 24 5
6 27 6
6 25 5
6 32 6
6 27 5
6 27 5
6 23 5
6 23 5
6 27 6
6 32 6
6 26 5
6 26 5
6 29 6
6 24 5
6 27 5
6 33 6
6 30 6
6 33 6
6 25 5
6 30 6
6 33 6
6 24 5
6 25 5
6 20 4
6 39 6
6 40 6
6 27 5
6 22 6
6 29 5
6 27 6
6 32 5
6 17 3
6 20 4
6 32 6
6 33 6
6 30 6
6 31 6
6 30 6
6 19 3
6 29 5
6 32 6
6 26 6
6 40 6
6 30 6
6 33 6
6 25 6
6 26 6
6 30 5
