6 29 6
6 37 7
6 33 6
6 38 7
6 36 6
6 39 8
6 29 6
6 30 7
6 29 6
6 32 6
6 30 6
6 32 6
6 35 8
6 35 8
6 29 6
6 27 6
6 33 6
6 34 7
6 39 8
6 31 6
6 31 6
6 31 6
6 27 6
6 30 6
6 32 7
6 31 6
6 30 6
6 33 6
6 31 6
6 33 6
6 32 6
6 36 7
6 41 9
6 38 9
6 30 6
6 37 7
6 29 6
6 32 6
6 30 6
6 28 6
6 36 7
6 26 6
6 35 8
6 31 6
6 41 10
6 32 6
6 31 6
6 27 6
6 33 7
6 30 6
6 29 6
6 30 6
6 35 6
6 34 7
6 34 7
6 32 6
6 29 6
6 34 6
6 35 6
6 30 6
6 32 7
6 30 6
6 35 7
6 39 8
6 32 6
6 33 8
6 28 6
6 31 6
6 31 7
6 29 6
6 38 7
6 32 6
6 29 6
6 31 6
6 38 7
6 35 6
6 33 6
6 29 6
6 25 6
6 34 6
6 28 6
6 27 6
6 39 7
6 28 6
6 35 6
6 33 6
6 33 6
6 32 6
6 35 7
6 29 6
6 27 6
6 31 6
6 31 6
6 35 7
6 29 6
6 32 7
6 34 6
6 36 7
6 35 6
6 28 6
