6 28 6
6 28 6
6 29 6
6 26 6
6 28 6
6 27 6
6 31 6
6 30 6
6 30 6
6 33 6
6 28 6
6 30 6
6 29 6
6 31 6
6 25 6
6 27 6
6 29 6
6 29 6
6 31 6
6 27 6
6 26 6
6 24 6
6 30 6
6 29 6
6 31 6
6 26 6
6 27 6
6 30 6
6 25 6
6 22 6
6 27 6
6 24 6
6 27 6
6 29 6
6 27 6
6 33 6
6 27 6
6 28 6
6 30 6
6 26 6
6 28 6
6 22 6
6 28 6
6 25 6
6 22 6
6 31 6
6 29 6
6 29 6
6 22 6
6 31 6
6 32 6
6 33 6
6 26 6
6 20 6
6 30 6
6 23 6
6 30 6
6 32 6
6 30 6
6 21 6
6 24 6
6 30 6
6 30 6
6 24 6
6 29 6
6 25 6
6 32 6
6 31 6
6 30 6
6 27 6
6 26 6
6 29 6
6 27 6
6 31 6
6 28 6
6 26 6
6 26 6
6 26 6
6 30 6
6 29 6
6 26 6
6 22 6
6 33 6
6 27 6
6 26 6
6 34 6
6 27 6
6 32 6
6 29 6
6 24 6
6 28 6
6 25 6
6 27 6
6 33 6
6 30 6
6 28 6
6 27 6
6 23 6
6 15 6
6 21 6
